00011001101101000000111001000111 0111111111000110011111001111101100100101011100011001010011101100111101111101011010100001111101111110000110111110111010001010110000000011100010100100001101101000111011000001001110111011000010111011101010001001010000100011011101111011011001001010011011000100
00100110101101001000101111111100 1000110011000110111110101011000000100101011100011001010011101100111101111101011010100001111101111110000110111110111010001010110000010000100010101100000100011101111011000001001110111011000010111011101010001001010000100011011101111011011001001010011011000100
01101000010011010001110000001110 1100111001011111100010101100001000100101011100011001010011101100111101111101011010100001111101111110000110111110111010001010110001010010001000110101000100101111111011000001001110111011000010111011101010001001010000100011011101111011011001001010011011000100
00111100110010001000100000110101 1010001011011010111101101110100100100101011100011001010011101100111101111101011010100001111101111110000110111110111010001010110000100110100111101011110101010110111011000001001110111011000010111011101010001001010000100011011101111011011001001010011011000100
01011011010010000001111011011011 1100000101011010100011011000111100100101011100011001010011101100111101111101011010100001111101111110000110111110111010001010110001000101000111100101001111111100111011000001001110111011000010111011101010001001010000100011011101111011011001001010011011000100
00010100111000100111010110101000 0111101011110100111001000101110000100101011100011001010011101100111101111101011010100001111101111110000110111110111010001010110011111110101110001010101011001001111011000001001110111011000010111011101010001001010000100011011101111011011001001010011011000100
01000100001011011101110000100100 1010101001000000010010101101100000100101011100011001010011101100111101111101011010100001111101111110000110111110111010001010110000101110000001000001000101000101111011000001001110111011000010111011101010001001010000100011011101111011011001001010011011000100
01011010001010100000100010101100 1100000000111100011101110110000000100101011100011001010011101100111101111101011010100001111101111110000110111110111010001010110001000100000000000011110111001101111011000001001110111011000010111011101010001001010000100011011101111011011001001010011011000100
00011010010001101101011111110000 1000000001011001010001101010010000100101011100011001010011101100111101111101011010100001111101111110000110111110111010001010110000000100000111010000110100010001111011000001001110111011000010111011101010001001010000100011011101111011011001001010011011000100
00000100100000110001011100010010 0110101010010101100001011100011000100101011100011001010011101100111101111101011010100001111101111110000110111110111010001010110011101110010110010100110000110011111011000001001110111011000010111011101010001001010000100011011101111011011001001010011011000100
00010100110000110111100101011101 0111101011010101111010000001000100100101011100011001010011101100111101111101011010100001111101111110000110111110111010001010110011111110100110011010111001111110111011000001001110111011000010111011101010001001010000100011011101111011011001001010011011000100
00010011110111110001111100010010 0111100111110001100011011100011000100101011100011001010011101100111101111101011010100001111101111110000110111110111010001010110011111101101101010101010000110011111011000001001110111011000010111011101010001001010000100011011101111011011001001010011011000100
00101100111010101110110011000101 1001001011111101010110110111100100100101011100011001010011101100111101111101011010100001111101111110000110111110111010001010110000010110110000010010000111100110111011000001001110111011000010111011101010001001010000100011011101111011011001001010011011000100
01100111000010001010011101111010 1100110100011011000101100010111000100101011100011001010011101100111101111101011010100001111101111110000110111110111010001010110001010000110111101101110010011011111011000001001110111011000010111011101010001001010000100011011101111011011001001010011011000100
01100001011010001110000011100000 1100011101111011010011111001010000100101011100011001010011101100111101111101011010100001111101111110000110111110111010001010110001001011001111110001011000000001111011000001001110111011000010111011101010001001010000100011011101111011011001001010011011000100
00001001101011000000001100000111 0110111110111110011100011011101100100101011100011001010011101100111101111101011010100001111101111110000110111110111010001010110011110011100000100011100000101000111011000001001110111011000010111011101010001001010000100011011101111011011001001010011011000100
00001011001110101110110011010011 0111000101001101010110111000011100100101011100011001010011101100111101111101011010100001111101111110000110111110111010001010110011110101000100010010000111110100111011000001001110111011000010111011101010001001010000100011011101111011011001001010011011000100
01010100110110110000101110101011 1011101011101101011110100101111100100101011100011001010011101100111101111101011010100001111101111110000110111110111010001010110000111110101100010100000011001100111011000001001110111011000010111011101010001001010000100011011101111011011001001010011011000100
00110111000100001011010111011111 1001110100100011001001001001001100100101011100011001010011101100111101111101011010100001111101111110000110111110111010001010110000100000111001101110101100000000111011000001001110111011000010111011101010001001010000100011011101111011011001001010011011000100
01010010000011111001101111100100 1011100000100010000010101001100000100101011100011001010011101100111101111101011010100001111101111110000110111110111010001010110000111011111001011101000100000101111011000001001110111011000010111011101010001001010000100011011101111011011001001010011011000100
00001110010010000101100000001001 0111010001011010110001101011110100100101011100011001010011101100111101111101011010100001111101111110000110111110111010001010110011111000000111101000110100101010111011000001001110111011000010111011101010001001010000100011011101111011011001001010011011000100
00011000101100000111110100110011 0111111011000010111010111110011100100101011100011001010011101100111101111101011010100001111101111110000110111110111010001010110000000010100001101011001001010100111011000001001110111011000010111011101010001001010000100011011101111011011001001010011011000100
01010011101110111100110001010010 1011100111001110001110110000011000100101011100011001010011101100111101111101011010100001111101111110000110111110111010001010110000111101100100100000000101110011111011000001001110111011000010111011101010001001010000100011011101111011011001001010011011000100
01111010001010110110001100001001 1110000000111101110100011011110100100101011100011001010011101100111101111101011010100001111101111110000110111110111010001010110001100100000000011001100000101010111011000001001110111011000010111011101010001001010000100011011101111011011001001010011011000100
01011101110100010010011100010000 1100001111100011100101011100010000100101011100011001010011101100111101111101011010100001111101111110000110111110111010001010110001000111101001110101110000110001111011000001001110111011000010111011101010001001010000100011011101111011011001001010011011000100
00010110110101100111001001010011 0111110011101000111000010000011100100101011100011001010011101100111101111101011010100001111101111110000110111110111010001010110000000000101011001010011101110100111011000001001110111011000010111011101010001001010000100011011101111011011001001010011011000100
00101001001101101100110000010010 1000111101001001001110101100011000100101011100011001010011101100111101111101011010100001111101111110000110111110111010001010110000010011000011010000000100110011111011000001001110111011000010111011101010001001010000100011011101111011011001001010011011000100
00010111001000110101010000111101 0111110100110101110000101111000100100101011100011001010011101100111101111101011010100001111101111110000110111110111010001010110000000000111110011000100101011110111011000001001110111011000010111011101010001001010000100011011101111011011001001010011011000100
01011000001001001011101100101110 1011111000110111001010011110001000100101011100011001010011101100111101111101011010100001111101111110000110111110111010001010110001000001111110101111000001001111111011000001001110111011000010111011101010001001010000100011011101111011011001001010011011000100
00110010100001100100101101101111 1001100010011000101110100010001100100101011100011001010011101100111101111101011010100001111101111110000110111110111010001010110000011100010111001000000010010000111011000001001110111011000010111011101010001001010000100011011101111011011001001010011011000100
01001111001101001010100010110001 1011010101000111000101110110010100100101011100011001010011101100111101111101011010100001111101111110000110111110111010001010110000111001000010101101110111010010111011000001001110111011000010111011101010001001010000100011011101111011011001001010011011000100
00001001001100100100101011100110 0110111101000100101110011001101000100101011100011001010011101100111101111101011010100001111101111110000110111110111010001010110011110011000010001000000000000111111011000001001110111011000010111011101010001001010000100011011101111011011001001010011011000100
00110001011000111100001010101001 1001011101110110001100010101110100100101011100011001010011101100111101111101011010100001111101111110000110111110111010001010110000011011001110011111011111001010111011000001001110111011000010111011101010001001010000100011011101111011011001001010011011000100
01001001001110101000110111011010 1010111101001100111111001000111000100101011100011001010011101100111101111101011010100001111101111110000110111110111010001010110000110011000100001100001011111011111011000001001110111011000010111011101010001001010000100011011101111011011001001010011011000100
01000001000110000111111001001010 1010011100101010111011001111111000100101011100011001010011101100111101111101011010100001111101111110000110111110111010001010110000101010111011101011001101101011111011000001001110111011000010111011101010001001010000100011011101111011011001001010011011000100
00101100010100100100011001110010 1001001001100100101101010010011000100101011100011001010011101100111101111101011010100001111101111110000110111110111010001010110000010110001010000111101110010011111011000001001110111011000010111011101010001001010000100011011101111011011001001010011011000100
01010011101011110101000101110011 1011100111000001110000000010011100100101011100011001010011101100111101111101011010100001111101111110000110111110111010001010110000111101100001011000011010010100111011000001001110111011000010111011101010001001010000100011011101111011011001001010011011000100
01010110000010000011110011001101 1011110000011010101010111000000100100101011100011001010011101100111101111101011010100001111101111110000110111110111010001010110000111111110111100111000111101110111011000001001110111011000010111011101010001001010000100011011101111011011001001010011011000100
00110100011111111101111010001011 1001101010010010010011010011111100100101011100011001010011101100111101111101011010100001111101111110000110111110111010001010110000011110010101100001001110101100111011000001001110111011000010111011101010001001010000100011011101111011011001001010011011000100
01010111001000001000111000000000 1011110100110010111111001011010000100101011100011001010011101100111101111101011010100001111101111110000110111110111010001010110001000000111101101100001100100001111011000001001110111011000010111011101010001001010000100011011101111011011001001010011011000100
01001001111000111111001101111110 1010111111110110011000100011001000100101011100011001010011101100111101111101011010100001111101111110000110111110111010001010110000110011101110100010100010011111111011000001001110111011000010111011101010001001010000100011011101111011011001001010011011000100
01110111000110010000011000111111 1101110100101011011101001111001100100101011100011001010011101100111101111101011010100001111101111110000110111110111010001010110001100000111011110011101101100000111011000001001110111011000010111011101010001001010000100011011101111011011001001010011011000100
01111110011110010001001111011101 1110010010001011100000101001000100100101011100011001010011101100111101111101011010100001111101111110000110111110111010001010110001101000010011110100100011111110111011000001001110111011000010111011101010001001010000100011011101111011011001001010011011000100
00010001001101111100110010100000 0111011101001010001110110101010000100101011100011001010011101100111101111101011010100001111101111110000110111110111010001010110011111011000011100000000111000001111011000001001110111011000010111011101010001001010000100011011101111011011001001010011011000100
00000000101001010001101110011110 0110011010110111100010100101001000100101011100011001010011101100111101111101011010100001111101111110000110111110111010001010110011101010011110110101000010111111111011000001001110111011000010111011101010001001010000100011011101111011011001001010011011000100
00001010100111010110101000000110 0111000010101111110110001011101000100101011100011001010011101100111101111101011010100001111101111110000110111110111010001010110011110100011100111001111100100111111011000001001110111011000010111011101010001001010000100011011101111011011001001010011011000100
00000010110110000110101101010111 0110100011101010110110100000101100100101011100011001010011101100111101111101011010100001111101111110000110111110111010001010110011101100101011101010000001111000111011000001001110111011000010111011101010001001010000100011011101111011011001001010011011000100
01100000100110011000010111000001 1100011010101011111101000111010100100101011100011001010011101100111101111101011010100001111101111110000110111110111010001010110001001010011011111011101011100010111011000001001110111011000010111011101010001001010000100011011101111011011001001010011011000100
00111100001101100111011000110000 1010001001001000111001001110010000100101011100011001010011101100111101111101011010100001111101111110000110111110111010001010110000100110000011001010101101010001111011000001001110111011000010111011101010001001010000100011011101111011011001001010011011000100
00111100100011101001011000100111 1010001010100001000001001101101100100101011100011001010011101100111101111101011010100001111101111110000110111110111010001010110000100110011001001100101101001000111011000001001110111011000010111011101010001001010000100011011101111011011001001010011011000100
00000000000001010010110001110101 0110011000010111100110110010100100100101011100011001010011101100111101111101011010100001111101111110000110111110111010001010110011101001110110110110000110010110111011000001001110111011000010111011101010001001010000100011011101111011011001001010011011000100
01000101111100000100010011111011 1010110000000010101100111010111100100101011100011001010011101100111101111101011010100001111101111110000110111110111010001010110000101111110001100111101000011100111011000001001110111011000010111011101010001001010000100011011101111011011001001010011011000100
01010010110010110001111110101011 1011100011011101100011100101111100100101011100011001010011101100111101111101011010100001111101111110000110111110111010001010110000111100101000010101010011001100111011000001001110111011000010111011101010001001010000100011011101111011011001001010011011000100
00011010101111100111100100000000 1000000011010000111001111011010000100101011100011001010011101100111101111101011010100001111101111110000110111110111010001010110000000100100101001010111000100001111011000001001110111011000010111011101010001001010000100011011101111011011001001010011011000100
01011110100101010111001011000101 1100010010100111111000010111100100100101011100011001010011101100111101111101011010100001111101111110000110111110111010001010110001001000011010111010011111100110111011000001001110111011000010111011101010001001010000100011011101111011011001001010011011000100
00000001000000111001000100010011 0110011100010101111111111100011100100101011100011001010011101100111101111101011010100001111101111110000110111110111010001010110011101010110110011100011000110100111011000001001110111011000010111011101010001001010000100011011101111011011001001010011011000100
01010010111110001011111110101001 1011100100001011001011100101110100100101011100011001010011101100111101111101011010100001111101111110000110111110111010001010110000111100110011101111010011001010111011000001001110111011000010111011101010001001010000100011011101111011011001001010011011000100
01101110001000011011100100000100 1101010000110100001001111011100000100101011100011001010011101100111101111101011010100001111101111110000110111110111010001010110001010111111101111110111000100101111011000001001110111011000010111011101010001001010000100011011101111011011001001010011011000100
01011110111101110110000100100100 1100010100001001110011111101100000100101011100011001010011101100111101111101011010100001111101111110000110111110111010001010110001001000110011011001011001000101111011000001001110111011000010111011101010001001010000100011011101111011011001001010011011000100
01000100011100011010110010001000 1010101010000100000110110011110000100101011100011001010011101100111101111101011010100001111101111110000110111110111010001010110000101110010001111110000110101001111011000001001110111011000010111011101010001001010000100011011101111011011001001010011011000100
01101011101010111010100110010101 1101000110111110000110000100100100100101011100011001010011101100111101111101011010100001111101111110000110111110111010001010110001010101100000011101111010110110111011000001001110111011000010111011101010001001010000100011011101111011011001001010011011000100
00101101000010101000011111100111 1001001100011100111101101001101100100101011100011001010011101100111101111101011010100001111101111110000110111110111010001010110000010110111000001011110100001000111011000001001110111011000010111011101010001001010000100011011101111011011001001010011011000100
00000010000001010100110101111110 0110100000010111101111000011001000100101011100011001010011101100111101111101011010100001111101111110000110111110111010001010110011101011110110111000001010011111111011000001001110111011000010111011101010001001010000100011011101111011011001001010011011000100
01100111110000001000110010000000 1100110111010010111110110011010000100101011100011001010011101100111101111101011010100001111101111110000110111110111010001010110001010001100101101100000110100001111011000001001110111011000010111011101010001001010000100011011101111011011001001010011011000100
00110101010011100110111001100000 1001101101100000110111010001010000100101011100011001010011101100111101111101011010100001111101111110000110111110111010001010110000011111001001001010001110000001111011000001001110111011000010111011101010001001010000100011011101111011011001001010011011000100
00001011100100010010111001110111 0111000110100011100111010010101100100101011100011001010011101100111101111101011010100001111101111110000110111110111010001010110011110101011001110110001110011000111011000001001110111011000010111011101010001001010000100011011101111011011001001010011011000100
01100010011110110101110001101000 1100100010001101110010110001110000100101011100011001010011101100111101111101011010100001111101111110000110111110111010001010110001001100010100011001000110001001111011000001001110111011000010111011101010001001010000100011011101111011011001001010011011000100
01100011101100000101111011101010 1100100111000010110011011001111000100101011100011001010011101100111101111101011010100001111101111110000110111110111010001010110001001101100001101001010000001011111011000001001110111011000010111011101010001001010000100011011101111011011001001010011011000100
00100101111100000010100100110000 1000110000000010100101111110010000100101011100011001010011101100111101111101011010100001111101111110000110111110111010001010110000001111110001100101111001010001111011000001001110111011000010111011101010001001010000100011011101111011011001001010011011000100
00110101000101101001101001101110 1001101100101001000010010010001000100101011100011001010011101100111101111101011010100001111101111110000110111110111010001010110000011110111011001100111110001111111011000001001110111011000010111011101010001001010000100011011101111011011001001010011011000100
00110101111111001011000110010011 1001110000001111001000000100011100100101011100011001010011101100111101111101011010100001111101111110000110111110111010001010110000011111110100101110011010110100111011000001001110111011000010111011101010001001010000100011011101111011011001001010011011000100
00110101001100101011000000000101 1001101101000101000111101011100100100101011100011001010011101100111101111101011010100001111101111110000110111110111010001010110000011111000010001110010100100110111011000001001110111011000010111011101010001001010000100011011101111011011001001010011011000100
00100000010110110010110100100000 1000011001101101100110111101010000100101011100011001010011101100111101111101011010100001111101111110000110111110111010001010110000001010001100010110001001000001111011000001001110111011000010111011101010001001010000100011011101111011011001001010011011000100
01011111111100000010011111011110 1100011000000010100101101001001000100101011100011001010011101100111101111101011010100001111101111110000110111110111010001010110001001001110001100101110011111111111011000001001110111011000010111011101010001001010000100011011101111011011001001010011011000100
00001000001010111010100001100110 0110111000111110000101110001101000100101011100011001010011101100111101111101011010100001111101111110000110111110111010001010110011110010000000011101110110000111111011000001001110111011000010111011101010001001010000100011011101111011011001001010011011000100
00010111001011110101000111001001 0111110101000001110000000111110100100101011100011001010011101100111101111101011010100001111101111110000110111110111010001010110000000001000001011000011011101010111011000001001110111011000010111011101010001001010000100011011101111011011001001010011011000100
00011010001101110110100101010101 1000000001001001110110000000100100100101011100011001010011101100111101111101011010100001111101111110000110111110111010001010110000000100000011011001111001110110111011000001001110111011000010111011101010001001010000100011011101111011011001001010011011000100
01000010100000111111111110110010 1010100010010110011011100110011000100101011100011001010011101100111101111101011010100001111101111110000110111110111010001010110000101100010110100011010011010011111011000001001110111011000010111011101010001001010000100011011101111011011001001010011011000100
01111001100001100100011101101011 1101111110011000101101100001111100100101011100011001010011101100111101111101011010100001111101111110000110111110111010001010110001100011010111000111110010001100111011000001001110111011000010111011101010001001010000100011011101111011011001001010011011000100
01010011001100111011110100001010 1011100101000110001010111011111000100101011100011001010011101100111101111101011010100001111101111110000110111110111010001010110000111101000010011111001000101011111011000001001110111011000010111011101010001001010000100011011101111011011001001010011011000100
00010011111111100000011011111100 0111101000010000011101011011000000100101011100011001010011101100111101111101011010100001111101111110000110111110111010001010110011111101110101000011110000011101111011000001001110111011000010111011101010001001010000100011011101111011011001001010011011000100
01001000100111010100011001010000 1010111010101111101101010000010000100101011100011001010011101100111101111101011010100001111101111110000110111110111010001010110000110010011100110111101101110001111011000001001110111011000010111011101010001001010000100011011101111011011001001010011011000100
01011010111011001101111000001100 1100000011111111010011001100000000100101011100011001010011101100111101111101011010100001111101111110000110111110111010001010110001000100110000110001001100101101111011000001001110111011000010111011101010001001010000100011011101111011011001001010011011000100
00011011100101100010010100000111 1000000110101000100100111011101100100101011100011001010011101100111101111101011010100001111101111110000110111110111010001010110000000101011011000101101000101000111011000001001110111011000010111011101010001001010000100011011101111011011001001010011011000100
00110010100000010001111011111010 1001100010010011100011011010111000100101011100011001010011101100111101111101011010100001111101111110000110111110111010001010110000011100010101110101010000011011111011000001001110111011000010111011101010001001010000100011011101111011011001001010011011000100
00001001010001000110001110110110 0110111101010110110100100110101000100101011100011001010011101100111101111101011010100001111101111110000110111110111010001010110011110011000110101001100011010111111011000001001110111011000010111011101010001001010000100011011101111011011001001010011011000100
00110110011001110010101100111010 1001110001111001100110011110111000100101011100011001010011101100111101111101011010100001111101111110000110111110111010001010110000100000001111010110000001011011111011000001001110111011000010111011101010001001010000100011011101111011011001001010011011000100
00010110101001010100100110101001 0111110010110111101110000101110100100101011100011001010011101100111101111101011010100001111101111110000110111110111010001010110000000000011110110111111011001010111011000001001110111011000010111011101010001001010000100011011101111011011001001010011011000100
01101010101001010001101100010100 1101000010110111100010011100100000100101011100011001010011101100111101111101011010100001111101111110000110111110111010001010110001010100011110110101000000110101111011000001001110111011000010111011101010001001010000100011011101111011011001001010011011000100
01000000000101001110110100110110 1010011000100111010110111110101000100101011100011001010011101100111101111101011010100001111101111110000110111110111010001010110000101001111010110010001001010111111011000001001110111011000010111011101010001001010000100011011101111011011001001010011011000100
01011001010110011000011011001000 1011111101101011111101010111110000100101011100011001010011101100111101111101011010100001111101111110000110111110111010001010110001000011001011111011101111101001111011000001001110111011000010111011101010001001010000100011011101111011011001001010011011000100
01100101100011011001100001101110 1100101110100000000001110010001000100101011100011001010011101100111101111101011010100001111101111110000110111110111010001010110001001111011000111100110110001111111011000001001110111011000010111011101010001001010000100011011101111011011001001010011011000100
01110111000100001101101110101000 1101110100100011010010100101110000100101011100011001010011101100111101111101011010100001111101111110000110111110111010001010110001100000111001110001000011001001111011000001001110111011000010111011101010001001010000100011011101111011011001001010011011000100
01110000000011100011001000000010 1101011000100000101000001011011000100101011100011001010011101100111101111101011010100001111101111110000110111110111010001010110001011001111001000110011100100011111011000001001110111011000010111011101010001001010000100011011101111011011001001010011011000100
01101011011101001110010001101010 1101000110000111010100110001111000100101011100011001010011101100111101111101011010100001111101111110000110111110111010001010110001010101010010110001100110001011111011000001001110111011000010111011101010001001010000100011011101111011011001001010011011000100
00011100110110010110101110010111 1000001011101011110110100100101100100101011100011001010011101100111101111101011010100001111101111110000110111110111010001010110000000110101011111010000010111000111011000001001110111011000010111011101010001001010000100011011101111011011001001010011011000100
01110101000100111011100011000001 1101101100100110001001110111010100100101011100011001010011101100111101111101011010100001111101111110000110111110111010001010110001011110111010011110110111100010111011000001001110111011000010111011101010001001010000100011011101111011011001001010011011000100
00010110101110001000011101011101 0111110011001010111101100001000100100101011100011001010011101100111101111101011010100001111101111110000110111110111010001010110000000000100011101011110001111110111011000001001110111011000010111011101010001001010000100011011101111011011001001010011011000100
01011011111010010101111000111111 1100000111111011110011001111001100100101011100011001010011101100111101111101011010100001111101111110000110111110111010001010110001000101101111111001001101100000111011000001001110111011000010111011101010001001010000100011011101111011011001001010011011000100
01110101000100111110110100100110 1101101100100110010110111101101000100101011100011001010011101100111101111101011010100001111101111110000110111110111010001010110001011110111010100010001001000111111011000001001110111011000010111011101010001001010000100011011101111011011001001010011011000100
00101000001000100000110110011101 1000111000110100011111000101000100100101011100011001010011101100111101111101011010100001111101111110000110111110111010001010110000010001111110000100001010111110111011000001001110111011000010111011101010001001010000100011011101111011011001001010011011000100
00011111001010000000110001101100 1000010100111010011110110010000000100101011100011001010011101100111101111101011010100001111101111110000110111110111010001010110000001000111111100100000110001101111011000001001110111011000010111011101010001001010000100011011101111011011001001010011011000100
00111010101010010101110010010001 1010000010111011110010110100010100100101011100011001010011101100111101111101011010100001111101111110000110111110111010001010110000100100011111111001000110110010111011000001001110111011000010111011101010001001010000100011011101111011011001001010011011000100
00000111000111111101101111000010 0110110100110010010010100111011000100101011100011001010011101100111101111101011010100001111101111110000110111110111010001010110011110000111101100001000011100011111011000001001110111011000010111011101010001001010000100011011101111011011001001010011011000100
00000110100100011110010010010100 0110110010100100010100110100100000100101011100011001010011101100111101111101011010100001111101111110000110111110111010001010110011110000011010000001100110110101111011000001001110111011000010111011101010001001010000100011011101111011011001001010011011000100
01001010110100100111110001101111 1011000011100100111010110010001100100101011100011001010011101100111101111101011010100001111101111110000110111110111010001010110000110100101010001011000110010000111011000001001110111011000010111011101010001001010000100011011101111011011001001010011011000100
00100101100101010001011111011011 1000101110100111100001101000111100100101011100011001010011101100111101111101011010100001111101111110000110111110111010001010110000001111011010110100110011111100111011000001001110111011000010111011101010001001010000100011011101111011011001001010011011000100
01110010110110101111011111001100 1101100011101101011001101000000000100101011100011001010011101100111101111101011010100001111101111110000110111110111010001010110001011100101100010010110011101101111011000001001110111011000010111011101010001001010000100011011101111011011001001010011011000100
00010010100100101101000010011010 0111100010100101001111110100111000100101011100011001010011101100111101111101011010100001111101111110000110111110111010001010110011111100011010010000010110111011111011000001001110111011000010111011101010001001010000100011011101111011011001001010011011000100
01000111011001100010000011111100 1010110101111000100011111011000000100101011100011001010011101100111101111101011010100001111101111110000110111110111010001010110000110001001111000101011000011101111011000001001110111011000010111011101010001001010000100011011101111011011001001010011011000100
01100110110011000010011110111110 1100110011011110100101100111001000100101011100011001010011101100111101111101011010100001111101111110000110111110111010001010110001010000101000100101110011011111111011000001001110111011000010111011101010001001010000100011011101111011011001001010011011000100
00010000011101001011111111110111 0111011010000111001011101010101100100101011100011001010011101100111101111101011010100001111101111110000110111110111010001010110011111010010010101111010100011000111011000001001110111011000010111011101010001001010000100011011101111011011001001010011011000100
01110100100110110111000110011000 1101101010101101111000000100110000100101011100011001010011101100111101111101011010100001111101111110000110111110111010001010110001011110011100011010011010111001111011000001001110111011000010111011101010001001010000100011011101111011011001001010011011000100
00001011110000111010010000011010 0111000111010110000100101100111000100101011100011001010011101100111101111101011010100001111101111110000110111110111010001010110011110101100110011101100100111011111011000001001110111011000010111011101010001001010000100011011101111011011001001010011011000100
00110000011100111010010110001100 1001011010000110000101000100000000100101011100011001010011101100111101111101011010100001111101111110000110111110111010001010110000011010010010011101101010101101111011000001001110111011000010111011101010001001010000100011011101111011011001001010011011000100
00100011000011100110001101000101 1000100100100000110100011111100100100101011100011001010011101100111101111101011010100001111101111110000110111110111010001010110000001100111001001001100001100110111011000001001110111011000010111011101010001001010000100011011101111011011001001010011011000100
01010010000111011010100111011010 1011100000110000000110001000111000100101011100011001010011101100111101111101011010100001111101111110000110111110111010001010110000111011111100111101111011111011111011000001001110111011000010111011101010001001010000100011011101111011011001001010011011000100
01100110011011110010100001110110 1100110010000001100101110010101000100101011100011001010011101100111101111101011010100001111101111110000110111110111010001010110001010000010001010101110110010111111011000001001110111011000010111011101010001001010000100011011101111011011001001010011011000100
00110101001111110110110110000110 1001101101010001110111000011101000100101011100011001010011101100111101111101011010100001111101111110000110111110111010001010110000011111000101011010001010100111111011000001001110111011000010111011101010001001010000100011011101111011011001001010011011000100
00101100000010100000101010101010 1001001000011100011110010101111000100101011100011001010011101100111101111101011010100001111101111110000110111110111010001010110000010101111000000011111111001011111011000001001110111011000010111011101010001001010000100011011101111011011001001010011011000100
01010101001010100000001100111100 1011101100111100011100011111000000100101011100011001010011101100111101111101011010100001111101111110000110111110111010001010110000111111000000000011100001011101111011000001001110111011000010111011101010001001010000100011011101111011011001001010011011000100
01001011110101100001001010111111 1011000111101000100000010111001100100101011100011001010011101100111101111101011010100001111101111110000110111110111010001010110000110101101011000100011111100000111011000001001110111011000010111011101010001001010000100011011101111011011001001010011011000100
01111001000010110100001111010101 1101111100011101101100101000100100100101011100011001010011101100111101111101011010100001111101111110000110111110111010001010110001100010111000010111100011110110111011000001001110111011000010111011101010001001010000100011011101111011011001001010011011000100
01100101110110110011101111111001 1100101111101101101010101010110100100101011100011001010011101100111101111101011010100001111101111110000110111110111010001010110001001111101100010111000100011010111011000001001110111011000010111011101010001001010000100011011101111011011001001010011011000100
01011011101111010001001110100101 1100000111001111100000100101100100100101011100011001010011101100111101111101011010100001111101111110000110111110111010001010110001000101100100110100100011000110111011000001001110111011000010111011101010001001010000100011011101111011011001001010011011000100
01010000011011110001100100100100 1011011010000001100001111101100000100101011100011001010011101100111101111101011010100001111101111110000110111110111010001010110000111010010001010100111001000101111011000001001110111011000010111011101010001001010000100011011101111011011001001010011011000100
00111110001000011101010001011100 1010010000110100010000110001000000100101011100011001010011101100111101111101011010100001111101111110000110111110111010001010110000100111111110000000100101111101111011000001001110111011000010111011101010001001010000100011011101111011011001001010011011000100
00110000010011001111101100011101 1001011001011111011010011101000100100101011100011001010011101100111101111101011010100001111101111110000110111110111010001010110000011010001000110011000000111110111011000001001110111011000010111011101010001001010000100011011101111011011001001010011011000100
01110100011110110100001101110011 1101101010001101101100100010011100100101011100011001010011101100111101111101011010100001111101111110000110111110111010001010110001011110010100010111100010010100111011000001001110111011000010111011101010001001010000100011011101111011011001001010011011000100
01101011010100100011110011001110 1101000101100100101010111000001000100101011100011001010011101100111101111101011010100001111101111110000110111110111010001010110001010101001010000111000111101111111011000001001110111011000010111011101010001001010000100011011101111011011001001010011011000100
00100010000110111001100100000111 1000100000101110000001111011101100100101011100011001010011101100111101111101011010100001111101111110000110111110111010001010110000001011111100011100111000101000111011000001001110111011000010111011101010001001010000100011011101111011011001001010011011000100
00000011011111101110000111111000 0110100110010001010100001010110000100101011100011001010011101100111101111101011010100001111101111110000110111110111010001010110011101101010101010001011100011001111011000001001110111011000010111011101010001001010000100011011101111011011001001010011011000100
01100110100110101010000101110010 1100110010101101000100000010011000100101011100011001010011101100111101111101011010100001111101111110000110111110111010001010110001010000011100001101011010010011111011000001001110111011000010111011101010001001010000100011011101111011011001001010011011000100
00000100011100100101101001000101 0110101010000100110010001111100100100101011100011001010011101100111101111101011010100001111101111110000110111110111010001010110011101110010010001000111101100110111011000001001110111011000010111011101010001001010000100011011101111011011001001010011011000100
00101011000100011010111101101101 1001000100100100000111100010000100100101011100011001010011101100111101111101011010100001111101111110000110111110111010001010110000010100111001111110010010001110111011000001001110111011000010111011101010001001010000100011011101111011011001001010011011000100
01110100110101011111101010001111 1101101011101000011010010100001100100101011100011001010011101100111101111101011010100001111101111110000110111110111010001010110001011110101011000010111110110000111011000001001110111011000010111011101010001001010000100011011101111011011001001010011011000100
00001101111100111110100110111111 0111010000000110010110000111001100100101011100011001010011101100111101111101011010100001111101111110000110111110111010001010110011110111110010100001111011100000111011000001001110111011000010111011101010001001010000100011011101111011011001001010011011000100
01010011110011010000001001001010 1011100111011111011100001111111000100101011100011001010011101100111101111101011010100001111101111110000110111110111010001010110000111101101000110011011101101011111011000001001110111011000010111011101010001001010000100011011101111011011001001010011011000100
00010101000001000100000001110011 0111101100010110101011110010011100100101011100011001010011101100111101111101011010100001111101111110000110111110111010001010110011111110110110100111010110010100111011000001001110111011000010111011101010001001010000100011011101111011011001001010011011000100
01100111101011101010001010001010 1100110111000001000100010011111000100101011100011001010011101100111101111101011010100001111101111110000110111110111010001010110001010001100001001101011110101011111011000001001110111011000010111011101010001001010000100011011101111011011001001010011011000100
01100011101011110100101111011010 1100100111000001101110101000111000100101011100011001010011101100111101111101011010100001111101111110000110111110111010001010110001001101100001011000000011111011111011000001001110111011000010111011101010001001010000100011011101111011011001001010011011000100
01000011100011000011001101101101 1010100110011110101000100010000100100101011100011001010011101100111101111101011010100001111101111110000110111110111010001010110000101101011000100110100010001110111011000001001110111011000010111011101010001001010000100011011101111011011001001010011011000100
00000100000100100111100100001111 0110101000100100111001111100001100100101011100011001010011101100111101111101011010100001111101111110000110111110111010001010110011101101111010001010111000110000111011000001001110111011000010111011101010001001010000100011011101111011011001001010011011000100
00100011001111101111101000011000 1000100101010001011010001100110000100101011100011001010011101100111101111101011010100001111101111110000110111110111010001010110000001101000101010010111100111001111011000001001110111011000010111011101010001001010000100011011101111011011001001010011011000100
01011001010010001100010101110111 1011111101011011001101000010101100100101011100011001010011101100111101111101011010100001111101111110000110111110111010001010110001000011000111101111101010011000111011000001001110111011000010111011101010001001010000100011011101111011011001001010011011000100
01001000111001001100011011010001 1010111011110111001101011000010100100101011100011001010011101100111101111101011010100001111101111110000110111110111010001010110000110010101110101111101111110010111011000001001110111011000010111011101010001001010000100011011101111011011001001010011011000100
01110000111100100010011011010101 1101011100000100100101011000100100100101011100011001010011101100111101111101011010100001111101111110000110111110111010001010110001011010110010000101101111110110111011000001001110111011000010111011101010001001010000100011011101111011011001001010011011000100
01101011010011010011011110001110 1101000101011111101001100100001000100101011100011001010011101100111101111101011010100001111101111110000110111110111010001010110001010101001000110110110010101111111011000001001110111011000010111011101010001001010000100011011101111011011001001010011011000100
00111111100110101000110001110110 1010010110101100111110110010101000100101011100011001010011101100111101111101011010100001111101111110000110111110111010001010110000101001011100001100000110010111111011000001001110111011000010111011101010001001010000100011011101111011011001001010011011000100
01001000011001101000000100100101 1010111001111000111011111101100100100101011100011001010011101100111101111101011010100001111101111110000110111110111010001010110000110010001111001011011001000110111011000001001110111011000010111011101010001001010000100011011101111011011001001010011011000100
01001010101110111100000110111100 1011000011001110001100000111000000100101011100011001010011101100111101111101011010100001111101111110000110111110111010001010110000110100100100011111011011011101111011000001001110111011000010111011101010001001010000100011011101111011011001001010011011000100
00001110101001001001000001001011 0111010010110110111111101111111100100101011100011001010011101100111101111101011010100001111101111110000110111110111010001010110011111000011110101100010101101100111011000001001110111011000010111011101010001001010000100011011101111011011001001010011011000100
01100001011110010001100111010110 1100011110001011100010001000101000100101011100011001010011101100111101111101011010100001111101111110000110111110111010001010110001001011010011110100111011110111111011000001001110111011000010111011101010001001010000100011011101111011011001001010011011000100
00101111110111110101001110010101 1001010111110001110000100100100100100101011100011001010011101100111101111101011010100001111101111110000110111110111010001010110000011001101101011000100010110110111011000001001110111011000010111011101010001001010000100011011101111011011001001010011011000100
00011111111010011110100111101010 1000010111111100010110001001111000100101011100011001010011101100111101111101011010100001111101111110000110111110111010001010110000001001110000000001111100001011111011000001001110111011000010111011101010001001010000100011011101111011011001001010011011000100
01011100010010111111101011011101 1100001001011110011010011001000100100101011100011001010011101100111101111101011010100001111101111110000110111110111010001010110001000110001000100010111111111110111011000001001110111011000010111011101010001001010000100011011101111011011001001010011011000100
00100110000111001100100010010110 1000110000101111001101110100101000100101011100011001010011101100111101111101011010100001111101111110000110111110111010001010110000001111111100101111110110110111111011000001001110111011000010111011101010001001010000100011011101111011011001001010011011000100
01010100110011100010000010010111 1011101011100000100011110100101100100101011100011001010011101100111101111101011010100001111101111110000110111110111010001010110000111110101001000101010110111000111011000001001110111011000010111011101010001001010000100011011101111011011001001010011011000100
00101011011000101100100000011100 1001000101110101001101101101000000100101011100011001010011101100111101111101011010100001111101111110000110111110111010001010110000010101001110001111110100111101111011000001001110111011000010111011101010001001010000100011011101111011011001001010011011000100
00110110001000101100101101101111 1001110000110101001110100010001100100101011100011001010011101100111101111101011010100001111101111110000110111110111010001010110000011111111110010000000010010000111011000001001110111011000010111011101010001001010000100011011101111011011001001010011011000100
00001100101100001010100000010011 0111001011000011000101101100011100100101011100011001010011101100111101111101011010100001111101111110000110111110111010001010110011110110100001101101110100110100111011000001001110111011000010111011101010001001010000100011011101111011011001001010011011000100
01110101010010000001110010111101 1101101101011010100010110111000100100101011100011001010011101100111101111101011010100001111101111110000110111110111010001010110001011111000111100101000111011110111011000001001110111011000010111011101010001001010000100011011101111011011001001010011011000100
01111110010111111011010001011000 1110010001110010001000110000110000100101011100011001010011101100111101111101011010100001111101111110000110111110111010001010110001101000001101011110100101111001111011000001001110111011000010111011101010001001010000100011011101111011011001001010011011000100
00100111010000001001001111001011 1000110101010011000000100111111100100101011100011001010011101100111101111101011010100001111101111110000110111110111010001010110000010001000101101100100011101100111011000001001110111011000010111011101010001001010000100011011101111011011001001010011011000100
00100101010010101000011111110101 1000101101011100111101101010100100100101011100011001010011101100111101111101011010100001111101111110000110111110111010001010110000001111001000001011110100010110111011000001001110111011000010111011101010001001010000100011011101111011011001001010011011000100
01100011010011010100010111000110 1100100101011111101101000111101000100101011100011001010011101100111101111101011010100001111101111110000110111110111010001010110001001101001000110111101011100111111011000001001110111011000010111011101010001001010000100011011101111011011001001010011011000100
00101001110110100001111010000100 1000111111101100100011010011100000100101011100011001010011101100111101111101011010100001111101111110000110111110111010001010110000010011101100000101001110100101111011000001001110111011000010111011101010001001010000100011011101111011011001001010011011000100
01110000001010010001011101010011 1101011000111011100001100000011100100101011100011001010011101100111101111101011010100001111101111110000110111110111010001010110001011001111111110100110001110100111011000001001110111011000010111011101010001001010000100011011101111011011001001010011011000100
01100000101100011111010010101100 1100011011000100011000110110000000100101011100011001010011101100111101111101011010100001111101111110000110111110111010001010110001001010100010000010100111001101111011000001001110111011000010111011101010001001010000100011011101111011011001001010011011000100
00111011100111011010101011111100 1010000110110000000110011011000000100101011100011001010011101100111101111101011010100001111101111110000110111110111010001010110000100101011100111110000000011101111011000001001110111011000010111011101010001001010000100011011101111011011001001010011011000100
00010101000110100111100110000110 0111101100101100111010000011101000100101011100011001010011101100111101111101011010100001111101111110000110111110111010001010110011111110111100001010111010100111111011000001001110111011000010111011101010001001010000100011011101111011011001001010011011000100
01111110010100001010011110001111 1110010001100011000101100100001100100101011100011001010011101100111101111101011010100001111101111110000110111110111010001010110001101000001001101101110010110000111011000001001110111011000010111011101010001001010000100011011101111011011001001010011011000100
01010001011010101110100000000011 1011011101111101010101101011011100100101011100011001010011101100111101111101011010100001111101111110000110111110111010001010110000111011010000010001110100100100111011000001001110111011000010111011101010001001010000100011011101111011011001001010011011000100
01001101100100001100101011111011 1011001110100011001110011010111100100101011100011001010011101100111101111101011010100001111101111110000110111110111010001010110000110111011001110000000000011100111011000001001110111011000010111011101010001001010000100011011101111011011001001010011011000100
01001000010110101011111011001111 1010111001101101001011011000001100100101011100011001010011101100111101111101011010100001111101111110000110111110111010001010110000110010001100001111001111110000111011000001001110111011000010111011101010001001010000100011011101111011011001001010011011000100
00010001100111011100111111001111 0111011110110000001111101000001100100101011100011001010011101100111101111101011010100001111101111110000110111110111010001010110011111011011101000000010011110000111011000001001110111011000010111011101010001001010000100011011101111011011001001010011011000100
01000111110000111001100110110000 1010110111010110000010000110010000100101011100011001010011101100111101111101011010100001111101111110000110111110111010001010110000110001100110011100111011010001111011000001001110111011000010111011101010001001010000100011011101111011011001001010011011000100
01010101110011000100100110111101 1011101111011110101110000111000100100101011100011001010011101100111101111101011010100001111101111110000110111110111010001010110000111111101000100111111011011110111011000001001110111011000010111011101010001001010000100011011101111011011001001010011011000100
00001100100100100111011010000010 0111001010100100111001010011011000100101011100011001010011101100111101111101011010100001111101111110000110111110111010001010110011110110011010001010101110100011111011000001001110111011000010111011101010001001010000100011011101111011011001001010011011000100
00010010110110000100110011010100 0111100011101010101110111000100000100101011100011001010011101100111101111101011010100001111101111110000110111110111010001010110011111100101011101000000111110101111011000001001110111011000010111011101010001001010000100011011101111011011001001010011011000100
01011111011111001111001001001110 1100010110001111011000010000001000100101011100011001010011101100111101111101011010100001111101111110000110111110111010001010110001001001010100110010011101101111111011000001001110111011000010111011101010001001010000100011011101111011011001001010011011000100
01010010110101001001110011001101 1011100011100111000010111000000100100101011100011001010011101100111101111101011010100001111101111110000110111110111010001010110000111100101010101101000111101110111011000001001110111011000010111011101010001001010000100011011101111011011001001010011011000100
01110000101100100110111010100110 1101011011000100110111010101101000100101011100011001010011101100111101111101011010100001111101111110000110111110111010001010110001011010100010001010001111000111111011000001001110111011000010111011101010001001010000100011011101111011011001001010011011000100
00101100000101001100001001001110 1001001000100111001100010000001000100101011100011001010011101100111101111101011010100001111101111110000110111110111010001010110000010101111010101111011101101111111011000001001110111011000010111011101010001001010000100011011101111011011001001010011011000100
00100000100101100111101100010010 1000011010101000111010011100011000100101011100011001010011101100111101111101011010100001111101111110000110111110111010001010110000001010011011001011000000110011111011000001001110111011000010111011101010001001010000100011011101111011011001001010011011000100
00010011011101110000100010111100 0111100110001001011101110111000000100101011100011001010011101100111101111101011010100001111101111110000110111110111010001010110011111101010011010011110111011101111011000001001110111011000010111011101010001001010000100011011101111011011001001010011011000100
00100010000001011100100000100001 1000100000011000001101101101010100100101011100011001010011101100111101111101011010100001111101111110000110111110111010001010110000001011110110111111110101000010111011000001001110111011000010111011101010001001010000100011011101111011011001001010011011000100
00110110101110110100110111011101 1001110011001101101111001001000100100101011100011001010011101100111101111101011010100001111101111110000110111110111010001010110000100000100100011000001011111110111011000001001110111011000010111011101010001001010000100011011101111011011001001010011011000100
01100100100010000111000001011010 1100101010011010110111110000111000100101011100011001010011101100111101111101011010100001111101111110000110111110111010001010110001001110010111101010010101111011111011000001001110111011000010111011101010001001010000100011011101111011011001001010011011000100
01001110110001011011010010001111 1011010011011000001000110100001100100101011100011001010011101100111101111101011010100001111101111110000110111110111010001010110000111000100110111110100110110000111011000001001110111011000010111011101010001001010000100011011101111011011001001010011011000100
01001110101110010011000111111001 1011010011001011101000001010110100100101011100011001010011101100111101111101011010100001111101111110000110111110111010001010110000111000100011110110011100011010111011000001001110111011000010111011101010001001010000100011011101111011011001001010011011000100
00111001001001011100100100100111 1001111100111000001101111101101100100101011100011001010011101100111101111101011010100001111101111110000110111110111010001010110000100010111110111111111001001000111011000001001110111011000010111011101010001001010000100011011101111011011001001010011011000100
00101000011010100011101000101110 1000111001111100101010001110001000100101011100011001010011101100111101111101011010100001111101111110000110111110111010001010110000010010010000000110111101001111111011000001001110111011000010111011101010001001010000100011011101111011011001001010011011000100
01011110111000010111010100000011 1100010011110011111000111011011100100101011100011001010011101100111101111101011010100001111101111110000110111110111010001010110001001000101101111010101000100100111011000001001110111011000010111011101010001001010000100011011101111011011001001010011011000100
01011010111111011111101001110111 1100000100010000011010010010101100100101011100011001010011101100111101111101011010100001111101111110000110111110111010001010110001000100110101000010111110011000111011000001001110111011000010111011101010001001010000100011011101111011011001001010011011000100
01101110011001110010111100011100 1101010001111001100111011101000000100101011100011001010011101100111101111101011010100001111101111110000110111110111010001010110001011000001111010110010000111101111011000001001110111011000010111011101010001001010000100011011101111011011001001010011011000100
01000101001011000111111100010100 1010101100111110111011011100100000100101011100011001010011101100111101111101011010100001111101111110000110111110111010001010110000101111000000101011010000110101111011000001001110111011000010111011101010001001010000100011011101111011011001001010011011000100
01011100110100011110010101000011 1100001011100100010100111111011100100101011100011001010011101100111101111101011010100001111101111110000110111110111010001010110001000110101010000001101001100100111011000001001110111011000010111011101010001001010000100011011101111011011001001010011011000100
01111101111101000111001000100010 1110010000000110111000001101011000100101011100011001010011101100111101111101011010100001111101111110000110111110111010001010110001100111110010101010011101000011111011000001001110111011000010111011101010001001010000100011011101111011011001001010011011000100
01110101111110110111111110110000 1101110000001101111011100110010000100101011100011001010011101100111101111101011010100001111101111110000110111110111010001010110001011111110100011011010011010001111011000001001110111011000010111011101010001001010000100011011101111011011001001010011011000100
00011111000010101010100001001101 1000010100011101000101110000000100100101011100011001010011101100111101111101011010100001111101111110000110111110111010001010110000001000111000001101110101101110111011000001001110111011000010111011101010001001010000100011011101111011011001001010011011000100
00000000110010010000111110000001 0110011011011011011111100011010100100101011100011001010011101100111101111101011010100001111101111110000110111110111010001010110011101010100111110100010010100010111011000001001110111011000010111011101010001001010000100011011101111011011001001010011011000100
00001010100110110100001011100010 0111000010101101101100011001011000100101011100011001010011101100111101111101011010100001111101111110000110111110111010001010110011110100011100010111100000000011111011000001001110111011000010111011101010001001010000100011011101111011011001001010011011000100
00000011111111001110000101111010 0110101000001111010100000010111000100101011100011001010011101100111101111101011010100001111101111110000110111110111010001010110011101101110100110001011010011011111011000001001110111011000010111011101010001001010000100011011101111011011001001010011011000100
00110011010011000000011110011111 1001100101011110011101100101001100100101011100011001010011101100111101111101011010100001111101111110000110111110111010001010110000011101001000100011110011000000111011000001001110111011000010111011101010001001010000100011011101111011011001001010011011000100
01001100011010110001101000101100 1011001001111101100010001110000000100101011100011001010011101100111101111101011010100001111101111110000110111110111010001010110000110110010000010100111101001101111011000001001110111011000010111011101010001001010000100011011101111011011001001010011011000100
00111101001110011010100001000111 1010001101001100000101101111101100100101011100011001010011101100111101111101011010100001111101111110000110111110111010001010110000100111000011111101110101101000111011000001001110111011000010111011101010001001010000100011011101111011011001001010011011000100
00010011111010000100111011011011 0111100111111010101111011000111100100101011100011001010011101100111101111101011010100001111101111110000110111110111010001010110011111101101111101000001111111100111011000001001110111011000010111011101010001001010000100011011101111011011001001010011011000100
01100111100001001001010011000101 1100110110010111000000110111100100100101011100011001010011101100111101111101011010100001111101111110000110111110111010001010110001010001010110101100100111100110111011000001001110111011000010111011101010001001010000100011011101111011011001001010011011000100
00001110010011000001101000011011 0111010001011110100010001100111100100101011100011001010011101100111101111101011010100001111101111110000110111110111010001010110011111000001000100100111100111100111011000001001110111011000010111011101010001001010000100011011101111011011001001010011011000100
00010100100010000110000100101101 0111101010011010110011111110000100100101011100011001010011101100111101111101011010100001111101111110000110111110111010001010110011111110010111101001011001001110111011000001001110111011000010111011101010001001010000100011011101111011011001001010011011000100
01010000010100000111111011011000 1011011001100010111011011000110000100101011100011001010011101100111101111101011010100001111101111110000110111110111010001010110000111010001001101011001111111001111011000001001110111011000010111011101010001001010000100011011101111011011001001010011011000100
01001000001110111010101000010101 1010111001001110000110001100100100100101011100011001010011101100111101111101011010100001111101111110000110111110111010001010110000110010000100011101111100110110111011000001001110111011000010111011101010001001010000100011011101111011011001001010011011000100
00011000100010100111101101001000 0111111010011100111010011111110000100101011100011001010011101100111101111101011010100001111101111110000110111110111010001010110000000010011000001011000001101001111011000001001110111011000010111011101010001001010000100011011101111011011001001010011011000100
01010110101001011101100100100000 1011110010111000010001111101010000100101011100011001010011101100111101111101011010100001111101111110000110111110111010001010110001000000011111000000111001000001111011000001001110111011000010111011101010001001010000100011011101111011011001001010011011000100
00111001110111000000101101000101 1001111111101110011110011111100100100101011100011001010011101100111101111101011010100001111101111110000110111110111010001010110000100011101100100100000001100110111011000001001110111011000010111011101010001001010000100011011101111011011001001010011011000100
00000100100101011010111000010111 0110101010101000000111001100101100100101011100011001010011101100111101111101011010100001111101111110000110111110111010001010110011101110011010111110001100111000111011000001001110111011000010111011101010001001010000100011011101111011011001001010011011000100
01010010010010101111001000001010 1011100001011101011000001011111000100101011100011001010011101100111101111101011010100001111101111110000110111110111010001010110000111100001000010010011100101011111011000001001110111011000010111011101010001001010000100011011101111011011001001010011011000100
00000110101010100001100010111001 0110110010111100100001110110110100100101011100011001010011101100111101111101011010100001111101111110000110111110111010001010110011110000100000000100110111011010111011000001001110111011000010111011101010001001010000100011011101111011011001001010011011000100
00010001110100110111111100111001 0111011111100101111011011110110100100101011100011001010011101100111101111101011010100001111101111110000110111110111010001010110011111011101010011011010001011010111011000001001110111011000010111011101010001001010000100011011101111011011001001010011011000100
01000001010001110111110110100101 1010011101011001111011000101100100100101011100011001010011101100111101111101011010100001111101111110000110111110111010001010110000101011000111011011001011000110111011000001001110111011000010111011101010001001010000100011011101111011011001001010011011000100
01110011000111101101000010100110 1101100100110001001111110101101000100101011100011001010011101100111101111101011010100001111101111110000110111110111010001010110001011100111101010000010111000111111011000001001110111011000010111011101010001001010000100011011101111011011001001010011011000100
00001011101000001010011011111001 0111000110110011000101011010110100100101011100011001010011101100111101111101011010100001111101111110000110111110111010001010110011110101011101101101110000011010111011000001001110111011000010111011101010001001010000100011011101111011011001001010011011000100
00010001111011000100000000011101 0111011111111110101011101101000100100101011100011001010011101100111101111101011010100001111101111110000110111110111010001010110011111011110000100111010100111110111011000001001110111011000010111011101010001001010000100011011101111011011001001010011011000100
01101100111001000111100100000010 1101001011110110111001111011011000100101011100011001010011101100111101111101011010100001111101111110000110111110111010001010110001010110101110101010111000100011111011000001001110111011000010111011101010001001010000100011011101111011011001001010011011000100
01011011111101001011000001011110 1100001000000111000111110001001000100101011100011001010011101100111101111101011010100001111101111110000110111110111010001010110001000101110010101110010101111111111011000001001110111011000010111011101010001001010000100011011101111011011001001010011011000100
01010101111001100110110101100001 1011101111111000110111000001010100100101011100011001010011101100111101111101011010100001111101111110000110111110111010001010110000111111101111001010001010000010111011000001001110111011000010111011101010001001010000100011011101111011011001001010011011000100
01110010100010010111001011111111 1101100010011011111000011011001100100101011100011001010011101100111101111101011010100001111101111110000110111110111010001010110001011100010111111010100000100000111011000001001110111011000010111011101010001001010000100011011101111011011001001010011011000100
01110010100100101101000010000011 1101100010100101001111110011011100100101011100011001010011101100111101111101011010100001111101111110000110111110111010001010110001011100011010010000010110100100111011000001001110111011000010111011101010001001010000100011011101111011011001001010011011000100
01011001111100111000111110110010 1100000000000101111111100110011000100101011100011001010011101100111101111101011010100001111101111110000110111110111010001010110001000011110010011100010011010011111011000001001110111011000010111011101010001001010000100011011101111011011001001010011011000100
01001100011100010101000010111010 1011001010000011101111110110111000100101011100011001010011101100111101111101011010100001111101111110000110111110111010001010110000110110010001111000010111011011111011000001001110111011000010111011101010001001010000100011011101111011011001001010011011000100
01101010111100011011010001101100 1101000100000100001000110010000000100101011100011001010011101100111101111101011010100001111101111110000110111110111010001010110001010100110001111110100110001101111011000001001110111011000010111011101010001001010000100011011101111011011001001010011011000100
01010111110101111101011110011010 1011110111101010010001100100111000100101011100011001010011101100111101111101011010100001111101111110000110111110111010001010110001000001101011100000110010111011111011000001001110111011000010111011101010001001010000100011011101111011011001001010011011000100
00010110100101101111011011010001 0111110010101001011001011000010100100101011100011001010011101100111101111101011010100001111101111110000110111110111010001010110000000000011011010010101111110010111011000001001110111011000010111011101010001001010000100011011101111011011001001010011011000100
01110011110011011010010010000110 1101100111100000000100110011101000100101011100011001010011101100111101111101011010100001111101111110000110111110111010001010110001011101101000111101100110100111111011000001001110111011000010111011101010001001010000100011011101111011011001001010011011000100
01011110101100111110001011001100 1100010011000110010100011000000000100101011100011001010011101100111101111101011010100001111101111110000110111110111010001010110001001000100010100001011111101101111011000001001110111011000010111011101010001001010000100011011101111011011001001010011011000100
01001000001110010101100111101011 1010111001001011110010001001111100100101011100011001010011101100111101111101011010100001111101111110000110111110111010001010110000110010000011111000111100001100111011000001001110111011000010111011101010001001010000100011011101111011011001001010011011000100
01101100101101011000110100101100 1101001011000111111110111110000000100101011100011001010011101100111101111101011010100001111101111110000110111110111010001010110001010110100010111100001001001101111011000001001110111011000010111011101010001001010000100011011101111011011001001010011011000100
01111000110010001011101010101110 1101111011011011001010010110001000100101011100011001010011101100111101111101011010100001111101111110000110111110111010001010110001100010100111101110111111001111111011000001001110111011000010111011101010001001010000100011011101111011011001001010011011000100
01010100001010110110000011100101 1011101000111101110011111001100100100101011100011001010011101100111101111101011010100001111101111110000110111110111010001010110000111110000000011001011000000110111011000001001110111011000010111011101010001001010000100011011101111011011001001010011011000100
01010110001111010110000001110100 1011110001001111110011110010100000100101011100011001010011101100111101111101011010100001111101111110000110111110111010001010110001000000000100111001010110010101111011000001001110111011000010111011101010001001010000100011011101111011011001001010011011000100
00001110000111010111100101000110 0111010000101111111001111111101000100101011100011001010011101100111101111101011010100001111101111110000110111110111010001010110011110111111100111010111001100111111011000001001110111011000010111011101010001001010000100011011101111011011001001010011011000100
01001111001101101011100100010111 1011010101001001001001111100101100100101011100011001010011101100111101111101011010100001111101111110000110111110111010001010110000111001000011001110111000111000111011000001001110111011000010111011101010001001010000100011011101111011011001001010011011000100
01010110001111000101011000111111 1011110001001110110001001111001100100101011100011001010011101100111101111101011010100001111101111110000110111110111010001010110001000000000100101000101101100000111011000001001110111011000010111011101010001001010000100011011101111011011001001010011011000100
00111010001111010101001101100010 1010000001001111110000100001011000100101011100011001010011101100111101111101011010100001111101111110000110111110111010001010110000100100000100111000100010000011111011000001001110111011000010111011101010001001010000100011011101111011011001001010011011000100
01111110011010001011001100100000 1110010001111011001000011101010000100101011100011001010011101100111101111101011010100001111101111110000110111110111010001010110001101000001111101110100001000001111011000001001110111011000010111011101010001001010000100011011101111011011001001010011011000100
01110000111010100001111100010001 1101011011111100100011011100010100100101011100011001010011101100111101111101011010100001111101111110000110111110111010001010110001011010110000000101010000110010111011000001001110111011000010111011101010001001010000100011011101111011011001001010011011000100
00001111110111111011111011100110 0111010111110010001011011001101000100101011100011001010011101100111101111101011010100001111101111110000110111110111010001010110011111001101101011111010000000111111011000001001110111011000010111011101010001001010000100011011101111011011001001010011011000100
00001000001110111001101111100011 0110111001001110000010101001011100100101011100011001010011101100111101111101011010100001111101111110000110111110111010001010110011110010000100011101000100000100111011000001001110111011000010111011101010001001010000100011011101111011011001001010011011000100
00100001001000011110111100110010 1000011100110100010111011110011000100101011100011001010011101100111101111101011010100001111101111110000110111110111010001010110000001010111110000010010001010011111011000001001110111011000010111011101010001001010000100011011101111011011001001010011011000100
01101001110100011000000100000101 1100111111100011111011111011100100100101011100011001010011101100111101111101011010100001111101111110000110111110111010001010110001010011101001111011011000100110111011000001001110111011000010111011101010001001010000100011011101111011011001001010011011000100
01110010111000011000110100001001 1101100011110011111110111011110100100101011100011001010011101100111101111101011010100001111101111110000110111110111010001010110001011100101101111100001000101010111011000001001110111011000010111011101010001001010000100011011101111011011001001010011011000100
01010110001001111100110010001010 1011110000111010001110110011111000100101011100011001010011101100111101111101011010100001111101111110000110111110111010001010110000111111111111100000000110101011111011000001001110111011000010111011101010001001010000100011011101111011011001001010011011000100
01101100001000001111001011101001 1101001000110011011000011001110100100101011100011001010011101100111101111101011010100001111101111110000110111110111010001010110001010101111101110010100000001010111011000001001110111011000010111011101010001001010000100011011101111011011001001010011011000100
00110100101101000000001000001011 1001101011000110011100001011111100100101011100011001010011101100111101111101011010100001111101111110000110111110111010001010110000011110100010100011011100101100111011000001001110111011000010111011101010001001010000100011011101111011011001001010011011000100
00101011111010111101011110100110 1001000111111110010001100101101000100101011100011001010011101100111101111101011010100001111101111110000110111110111010001010110000010101110000100000110011000111111011000001001110111011000010111011101010001001010000100011011101111011011001001010011011000100
